umidità temperatura co2 tvoc classe
39 23.000000 403 0 0
39 23.100000 415 2 0
40 23.100000 415 2 0
40 23.000000 413 1 0
40 23.000000 418 2 0
40 23.100000 413 1 0
39 23.000000 418 2 0
39 23.000000 415 2 0
39 23.200000 408 1 0
39 23.100000 403 0 0
39 23.000000 408 1 0
39 23.100000 418 2 0
39 23.200000 427 4 0
39 23.000000 434 5 0
39 23.100000 434 5 0
39 23.000000 438 5 0
39 23.100000 443 6 0
39 23.200000 438 5 0
39 23.100000 438 5 0
39 23.200000 434 5 0
39 23.000000 427 4 0
39 23.200000 423 3 0
39 23.200000 418 2 0
39 23.000000 423 3 0
39 23.100000 423 3 0
38 23.100000 423 3 0
38 23.200000 423 3 0
38 23.100000 434 5 0
38 23.200000 438 5 0
38 23.000000 434 5 0
38 23.200000 434 5 0
38 23.200000 427 4 0
38 23.000000 427 4 0
38 23.000000 418 2 0
38 23.000000 1659 297 0
95 23.200000 1753 394 0
95 23.300000 1168 117 0
95 23.800000 580 27 0
95 24.000000 553 23 0
95 24.200000 506 16 0
95 24.100000 486 13 0
95 24.000000 486 13 0
95 23.300000 481 12 0
95 23.200000 486 13 0
95 23.200000 477 11 0
92 23.200000 464 9 0
78 23.100000 460 9 0
69 23.400000 452 7 0
62 23.100000 445 6 0
57 23.100000 443 6 0
54 23.200000 443 6 0
51 23.300000 445 6 0
49 23.200000 445 6 0
48 23.600000 445 6 0
46 23.200000 443 6 0
45 23.100000 445 6 0
44 23.300000 445 6 0
44 23.400000 445 6 0
43 23.100000 452 7 0
43 23.300000 452 7 0
42 23.300000 452 7 0
42 23.200000 457 8 0
42 23.300000 457 8 0
42 23.300000 460 9 0
42 23.400000 460 9 0
41 23.400000 457 8 0
41 23.300000 452 7 0
41 23.300000 445 6 0
41 23.200000 445 6 0
40 23.200000 443 6 0
40 23.100000 445 6 0
40 23.100000 452 7 0
40 23.100000 457 8 0
40 23.200000 460 9 0
40 23.200000 464 9 0
40 23.100000 464 9 0
40 23.300000 460 9 0
40 23.300000 457 8 0
40 23.100000 460 9 0
40 23.200000 457 8 0
40 23.200000 472 10 0
40 23.100000 477 11 0
39 23.100000 477 11 0
39 23.200000 472 10 0
39 23.200000 477 11 0
39 23.200000 481 12 0
39 23.100000 481 12 0
39 23.100000 486 13 0
39 23.000000 486 13 0
39 23.200000 486 13 0
39 23.000000 492 14 0
39 23.300000 477 11 0
39 23.100000 472 10 0
39 23.000000 477 11 0
39 23.300000 486 13 0
39 23.000000 481 12 0
40 23.000000 486 13 0
39 23.100000 496 14 0
39 23.100000 492 14 0
39 23.300000 481 12 0
39 23.300000 492 14 0
39 23.200000 492 14 0
39 23.200000 496 14 0
39 23.000000 496 14 0
39 23.200000 501 15 0
39 23.000000 501 15 0
39 23.200000 506 16 0
39 23.100000 506 16 0
39 23.300000 501 15 0
39 23.100000 501 15 0
39 23.200000 514 17 0
39 23.000000 506 16 0
39 23.100000 514 17 0
39 23.300000 506 16 0
39 23.000000 514 17 0
39 23.100000 523 18 0
39 23.200000 523 18 0
39 23.100000 526 19 0
39 23.000000 526 19 0
39 23.200000 526 19 0
39 23.200000 536 20 0
39 23.100000 531 19 0
39 23.000000 531 19 0
39 23.200000 531 19 0
39 23.100000 536 20 0
39 23.200000 543 21 0
39 23.100000 543 21 0
39 23.000000 543 21 0
39 23.100000 549 22 0
40 23.000000 549 22 0
40 23.100000 549 22 0
40 23.000000 543 21 0
40 23.100000 543 21 0
40 23.200000 531 19 0
40 23.000000 536 20 0
39 23.000000 536 20 0
40 23.200000 549 22 0
40 23.200000 536 20 0
40 23.300000 543 21 0
40 23.200000 543 21 0
40 23.100000 536 20 0
40 23.100000 553 23 0
40 23.000000 553 23 0
40 23.000000 561 24 0
40 23.200000 553 23 0
40 23.200000 561 24 0
40 23.000000 569 25 0
40 23.100000 569 25 0
40 23.000000 574 26 0
40 23.100000 574 26 0
40 22.900000 569 25 0
40 22.900000 574 26 0
40 23.100000 561 24 0
40 23.000000 580 27 0
40 23.100000 580 27 0
40 22.700000 580 27 0
40 23.200000 580 27 0
40 23.100000 588 28 0
40 23.000000 588 28 0
40 23.000000 592 29 0
40 23.100000 592 29 0
40 23.000000 599 30 0
40 23.000000 688 43 0
41 23.000000 668 40 0
41 23.100000 645 37 0
41 23.000000 617 33 0
41 23.100000 580 27 0
41 23.000000 569 25 0
40 22.900000 588 28 0
40 22.900000 580 27 0
40 23.100000 599 30 0
40 23.100000 605 31 0
40 22.900000 605 31 0
40 23.000000 605 31 0
40 22.900000 599 30 0
58 23.100000 400 0 0
58 22.900000 400 0 0
60 23.100000 400 0 0
59 23.100000 403 0 0
58 23.200000 422 3 0
58 23.200000 432 4 0
57 23.300000 446 7 0
57 23.100000 466 10 0
57 23.100000 485 12 0
57 23.300000 495 14 0
57 23.200000 501 15 0
57 23.300000 534 20 0
57 23.300000 545 22 0
57 23.300000 556 23 0
57 23.200000 574 26 0
57 23.100000 584 28 0
57 23.300000 600 30 0
57 23.100000 618 33 0
57 23.100000 641 36 0
57 23.200000 653 38 0
57 23.200000 671 41 0
57 23.200000 678 42 0
57 23.200000 690 44 0
57 23.100000 702 46 0
57 23.200000 717 48 0
57 23.100000 732 50 0
57 23.100000 740 51 0
57 23.200000 757 54 0
57 23.100000 757 54 0
57 23.100000 768 56 0
57 23.100000 776 57 0
57 23.200000 795 60 0
57 23.100000 804 61 0
57 23.100000 813 62 0
57 23.200000 821 64 0
57 23.100000 846 67 0
57 23.200000 846 67 0
57 23.100000 855 69 0
57 23.100000 868 71 0
57 23.100000 880 73 0
57 23.200000 889 74 0
58 23.200000 900 76 0
58 23.100000 913 78 0
57 23.100000 913 78 0
57 23.100000 927 80 0
57 23.100000 940 82 0
57 23.200000 940 82 0
57 23.200000 961 85 0
57 23.100000 961 85 0
57 23.200000 987 89 0
57 23.100000 997 90 0
57 23.200000 997 90 0
57 23.100000 1012 93 0
57 23.200000 1041 97 0
57 23.200000 1029 95 0
57 23.100000 1041 97 0
57 23.100000 1074 102 0
57 23.200000 1074 102 0
57 23.100000 1086 104 0
57 23.300000 1099 106 0
57 23.100000 1099 106 0
57 23.100000 1113 108 0
57 23.300000 1113 108 0
57 23.100000 1128 110 0
57 23.100000 1147 113 0
57 23.100000 1163 116 0
57 23.200000 1163 116 0
57 23.200000 1191 120 0
57 23.100000 1178 118 0
57 23.200000 1204 122 0
57 23.100000 1231 126 0
57 23.200000 1231 126 0
57 23.200000 1245 128 0
57 23.200000 1259 130 0
57 23.100000 1281 134 0
57 23.200000 1295 136 0
57 23.200000 1281 134 0
57 23.100000 1310 138 0
57 23.200000 1338 142 0
57 23.300000 1338 142 0
57 23.100000 1352 145 0
57 23.100000 1367 147 0
57 23.200000 1389 150 0
57 23.000000 1400 152 0
57 23.100000 1416 154 0
57 23.200000 1432 157 0
57 23.200000 1458 161 0
57 23.100000 1458 161 0
57 23.200000 1482 164 0
57 23.000000 1482 164 0
57 23.100000 1494 168 0
57 23.200000 1498 170 0
57 23.200000 1505 175 0
57 23.100000 1505 175 0
57 23.200000 1509 178 0
57 23.100000 1509 178 0
58 23.200000 1509 178 0
58 23.100000 1509 178 0
57 23.100000 1515 181 0
57 23.000000 1515 181 0
57 23.000000 1520 185 0
57 23.200000 1520 185 0
57 23.200000 1526 189 0
57 23.100000 1526 189 0
58 23.100000 1526 189 0
58 23.100000 1530 192 0
58 23.000000 1530 192 0
58 23.200000 1530 192 0
58 23.200000 1535 196 0
58 23.100000 1535 196 0
58 23.100000 1540 199 0
58 23.200000 1540 199 0
58 23.100000 1544 203 0
58 23.200000 1544 203 0
58 23.200000 1552 208 0
58 23.100000 1552 208 0
58 23.000000 1552 208 0
58 23.200000 1557 212 0
58 23.100000 1557 212 0
58 23.100000 1560 215 0
58 23.100000 1568 220 0
58 23.000000 1568 220 0
58 23.100000 1573 225 0
58 23.200000 1573 225 0
58 23.300000 1579 228 0
58 23.200000 1579 228 0
58 23.100000 1579 234 0
58 23.100000 1587 234 0
58 23.300000 1587 234 0
58 23.000000 1587 234 0
58 23.200000 1591 237 0
58 23.300000 1591 237 0
58 23.000000 1591 237 0
58 23.100000 1595 242 0
58 23.000000 1595 242 0
58 23.200000 1602 247 0
58 23.000000 1602 247 0
58 23.100000 1602 247 0
58 23.000000 1607 253 0
58 23.200000 1607 253 0
58 23.100000 1607 253 0
58 23.100000 1612 257 0
58 23.200000 1612 257 0
58 23.000000 1612 257 0
58 23.100000 1616 261 0
58 23.000000 1616 261 0
58 23.200000 1616 261 0
58 23.200000 1624 267 0
58 23.000000 1624 267 0
58 23.300000 1629 272 0
58 23.100000 1629 272 0
58 23.200000 1629 272 0
58 23.000000 1629 272 0
58 23.000000 1637 279 0
58 23.100000 1637 279 0
58 23.300000 1642 284 0
58 23.400000 1642 284 0
58 23.100000 1642 284 0
58 23.000000 1642 284 0
58 23.300000 1648 288 0
58 23.100000 1648 288 0
58 23.200000 1648 288 0
58 23.200000 1656 295 0
58 23.100000 1656 295 0
58 23.400000 1656 295 0
58 23.400000 1661 300 0
58 23.200000 1661 300 0
58 23.500000 1661 300 0
58 23.300000 1661 300 0
58 23.600000 1661 300 0
58 23.600000 1668 306 0
58 23.400000 1668 306 0
58 23.300000 1668 306 0
58 23.200000 1673 312 0
58 23.100000 1692 331 0
63 23.200000 1668 306 0
93 23.900000 1673 312 0
68 23.900000 1678 318 0
61 24.000000 1686 324 0
59 23.900000 1678 318 0
58 24.000000 1678 318 0
58 24.000000 1673 312 0
58 23.900000 1678 318 0
58 23.800000 1678 318 0
58 23.900000 1686 324 0
58 23.800000 1686 324 0
58 23.600000 1686 324 0
58 23.500000 1686 324 0
58 23.400000 1686 324 0
59 23.800000 1692 331 0
58 23.800000 1692 331 0
58 23.400000 1692 331 0
58 23.700000 1692 331 0
58 23.800000 1699 337 0
58 23.700000 1699 337 0
58 23.800000 1704 344 0
58 23.700000 1704 344 0
58 23.600000 1704 344 0
58 23.400000 1704 344 0
58 23.600000 1713 351 0
58 23.700000 1713 351 0
58 23.500000 1713 351 0
58 23.800000 1713 351 0
58 23.900000 1713 351 0
58 23.700000 1720 357 0
58 23.600000 1720 357 0
58 23.800000 1720 357 0
58 23.300000 1720 357 0
58 23.400000 1720 357 0
58 23.400000 1726 364 0
58 23.200000 1720 357 0
58 23.700000 1726 364 0
58 23.600000 1726 364 0
58 23.800000 1726 364 0
58 23.300000 1726 364 0
58 23.700000 1735 372 0
58 23.400000 1735 372 0
58 23.200000 1735 372 0
58 23.500000 1735 372 0
58 23.800000 1735 372 0
58 23.300000 1735 372 0
58 23.300000 1739 379 0
58 23.700000 1739 379 0
58 23.400000 1739 379 0
58 23.200000 1739 379 0
58 23.700000 1747 387 0
58 23.300000 1747 387 0
58 23.600000 1747 387 0
58 23.400000 1747 387 0
58 23.200000 1747 387 0
58 23.400000 1753 394 0
58 23.700000 1753 394 0
58 23.300000 1753 394 0
58 23.600000 1757 400 0
58 23.800000 1753 394 0
58 24.100000 1757 400 0
58 23.700000 1757 400 0
58 24.000000 1753 394 0
58 23.400000 1757 400 0
58 23.800000 1757 400 0
58 23.500000 1757 400 0
58 24.300000 1757 400 0
58 24.400000 1757 400 0
58 24.400000 1766 410 0
58 24.300000 1766 410 0
58 23.500000 1766 410 0
58 24.000000 1766 410 0
58 23.200000 1766 410 0
58 23.000000 1766 410 0
58 22.800000 1766 410 0
58 24.500000 1766 410 0
58 24.400000 1772 417 0
58 24.300000 1772 417 0
58 24.200000 1772 417 0
58 22.800000 1772 417 0
58 24.400000 1778 425 0
58 24.200000 1778 425 0
58 22.900000 1778 425 0
58 24.300000 1778 425 0
58 23.300000 1778 425 0
58 24.300000 1785 434 0
58 22.900000 1785 434 0
58 24.400000 1785 434 0
58 24.200000 1785 434 0
59 24.300000 1785 434 0
59 24.200000 1785 434 0
58 22.800000 1785 434 0
59 24.100000 1793 442 0
59 24.400000 1785 434 0
58 24.100000 1785 434 0
59 24.100000 1785 434 0
58 23.000000 1793 442 0
58 24.300000 1793 442 0
58 23.900000 1793 442 0
59 24.200000 1793 442 0
58 24.200000 1793 442 0
58 24.100000 1793 442 0
59 23.900000 1793 442 0
58 24.200000 1801 451 0
59 24.300000 1801 451 0
59 24.200000 1801 451 0
59 24.100000 1801 451 0
59 23.800000 1801 451 0
59 23.900000 1801 451 0
58 24.100000 1801 451 0
59 24.000000 1801 451 0
58 24.000000 1801 451 0
58 23.900000 1801 451 0
58 24.100000 1810 461 0
59 24.000000 1810 461 0
58 24.000000 1810 461 0
58 23.900000 1810 461 0
58 24.200000 1810 461 0
58 24.000000 1815 469 0
58 23.900000 1815 469 0
58 23.800000 1815 469 0
58 24.100000 1815 469 0
58 24.000000 1815 461 0
59 23.900000 1815 469 0
59 23.800000 1815 469 0
59 24.000000 1815 469 0
59 23.900000 1810 461 0
59 23.800000 1810 461 0
59 23.700000 1815 469 0
59 23.700000 1810 461 0
59 23.800000 1815 461 0
59 23.700000 1801 451 0
59 23.600000 1801 451 0
59 23.600000 1810 461 0
59 23.700000 1793 442 0
59 23.600000 1793 442 0
59 23.800000 1793 442 0
58 23.800000 1793 442 0
58 23.600000 1793 442 0
58 23.700000 1793 442 0
59 23.700000 1785 434 0
59 23.800000 1785 434 0
58 23.800000 1785 434 0
58 23.700000 1785 434 0
59 23.700000 1778 425 0
59 23.600000 1785 434 0
59 23.800000 1778 425 0
58 23.800000 1778 425 0
58 23.700000 1778 425 0
59 23.600000 1778 425 0
58 23.700000 1772 417 0
58 23.800000 1772 417 0
59 23.700000 1772 417 0
59 23.800000 1772 417 0
58 23.800000 1766 410 0
59 23.700000 1766 410 0
58 23.700000 1766 410 0
59 23.800000 1766 410 0
59 23.700000 1757 400 0
59 23.800000 1757 400 0
59 23.700000 1753 394 0
59 23.600000 1753 394 0
59 23.700000 1747 387 0
58 23.800000 1747 387 0
59 23.700000 1739 379 0
59 23.800000 1747 387 0
59 23.600000 1739 379 0
59 23.800000 1739 379 0
58 23.600000 1739 379 0
58 23.800000 1739 379 0
59 23.600000 1735 372 0
59 23.700000 1735 372 0
58 23.600000 1735 372 0
59 23.700000 1726 364 0
59 23.800000 1735 372 0
59 23.800000 1726 364 0
59 23.600000 1726 364 0
59 23.600000 1720 357 0
59 23.800000 1720 357 0
59 23.700000 1720 357 0
59 23.600000 1713 351 0
59 23.700000 1713 351 0
59 23.700000 1704 344 0
59 23.600000 1704 344 0
59 23.800000 1704 344 0
59 23.700000 1699 337 0
59 23.600000 1699 337 0
59 23.600000 1692 331 0
59 23.700000 1692 331 0
59 23.700000 1686 324 0
59 23.600000 1686 324 0
59 23.700000 1678 318 0
59 23.600000 1678 318 0
59 23.600000 1673 312 0
59 23.700000 1673 312 0
59 23.800000 1673 312 0
59 23.700000 1668 306 0
59 23.600000 1668 306 0
59 23.800000 1668 306 0
59 23.700000 1661 300 0
59 23.600000 1661 300 0
59 23.800000 1661 300 0
59 23.600000 1656 295 0
59 23.700000 1656 295 0
59 23.600000 1648 288 0
59 23.500000 1656 295 0
59 23.500000 1648 288 0
59 23.700000 1642 284 0
59 23.600000 1642 284 0
59 23.500000 1642 284 0
59 23.600000 1637 279 0
59 23.700000 1637 279 0
59 23.600000 1629 272 0
59 23.700000 1629 272 0
59 23.600000 1624 267 0
59 23.700000 1624 267 0
59 23.900000 1624 267 0
59 23.700000 1616 261 0
59 23.800000 1616 261 0
59 23.600000 1616 261 0
59 23.500000 1616 261 0
59 23.900000 1616 261 0
59 23.600000 1612 257 0
59 23.700000 1612 257 0
59 23.500000 1612 257 0
59 23.600000 1607 253 0
59 23.700000 1607 253 0
59 23.500000 1607 253 0
59 23.700000 1602 247 0
59 23.500000 1602 247 0
59 23.600000 1602 247 0
59 23.800000 1602 247 0
59 23.600000 1595 242 0
59 23.800000 1591 237 0
59 23.700000 1595 242 0
59 23.500000 1595 242 0
59 23.600000 1587 234 0
59 23.900000 1591 237 0
59 23.600000 1591 237 0
59 23.500000 1591 237 0
59 23.700000 1591 237 0
59 23.500000 1587 234 0
59 23.700000 1587 234 0
59 23.600000 1579 228 0
59 23.900000 1579 228 0
59 23.900000 1587 234 0
59 23.500000 1579 228 0
59 23.700000 1579 228 0
59 23.700000 1573 225 0
59 23.500000 1573 225 0
59 23.600000 1573 225 0
59 23.700000 1568 220 0
59 23.500000 1568 220 0
59 23.600000 1568 220 0
59 23.600000 1560 215 0
59 23.600000 1557 212 0
59 23.800000 1560 215 0
59 23.700000 1560 215 0
59 23.700000 1557 212 0
59 23.900000 1560 215 0
59 23.500000 1557 212 0
59 23.600000 1552 208 0
59 23.500000 1552 208 0
59 23.800000 1552 208 0
59 23.900000 1552 208 0
59 23.600000 1544 203 0
59 23.800000 1557 212 0
59 23.500000 1544 203 0
59 23.800000 1544 203 0
59 23.700000 1552 208 0
59 23.700000 1544 203 0
59 23.900000 1544 203 0
59 23.600000 1540 199 0
59 23.700000 1540 199 0
59 23.500000 1540 199 0
59 23.800000 1540 199 0
59 23.900000 1535 196 0
59 23.700000 1535 196 0
59 23.600000 1535 196 0
59 23.800000 1535 196 0
59 23.900000 1540 199 0
59 23.500000 1535 196 0
59 23.600000 1530 192 0
59 23.500000 1530 192 0
59 23.800000 1530 192 0
59 23.700000 1530 192 0
59 23.500000 1526 189 0
59 23.600000 1526 189 0
59 23.800000 1526 189 0
59 23.900000 1526 189 0
59 23.700000 1526 189 0
59 23.600000 1520 185 0
59 23.700000 1520 185 0
59 23.800000 1520 185 0
59 23.500000 1520 185 0
60 23.500000 1520 185 0
60 23.600000 1515 181 0
60 23.600000 1520 185 0
60 23.800000 1515 181 0
60 23.500000 1515 181 0
59 23.700000 1515 181 0
59 23.500000 1515 181 0
59 23.600000 1515 181 0
60 23.700000 1515 181 0
59 23.800000 1515 181 0
59 23.500000 1509 178 0
60 23.700000 1509 178 0
60 23.500000 1509 178 0
60 23.600000 1509 178 0
60 23.800000 1509 178 0
59 23.700000 1509 178 0
59 23.600000 1509 178 0
59 23.800000 1509 178 0
59 23.800000 1505 175 0
59 23.900000 1509 178 0
59 23.600000 1505 175 0
59 23.500000 1505 175 0
59 23.700000 1505 175 0
60 23.500000 1505 175 0
60 23.600000 1505 175 0
60 23.800000 1505 175 0
60 23.700000 1505 175 0
59 23.700000 1498 170 0
59 23.500000 1498 170 0
60 23.600000 1498 170 0
60 23.500000 1498 170 0
60 23.700000 1498 170 0
60 23.800000 1498 170 0
60 23.700000 1494 168 0
60 23.500000 1494 168 0
60 23.600000 1494 168 0
60 23.800000 1494 168 0
60 23.400000 1494 168 0
60 23.700000 1482 164 0
60 23.900000 1494 168 0
60 23.400000 1482 164 0
60 23.500000 1482 164 0
60 23.800000 1482 164 0
60 23.600000 1482 164 0
60 23.500000 1458 161 0
60 23.800000 1458 161 0
60 23.600000 1458 161 0
60 23.700000 1458 161 0
60 23.400000 1458 161 0
60 23.500000 1432 157 0
60 23.600000 1432 157 0
60 23.800000 1432 157 0
60 23.700000 1432 157 0
60 23.700000 1416 154 0
60 23.800000 1416 154 0
60 23.500000 1416 154 0
60 23.600000 1416 154 0
60 23.900000 1416 154 0
60 23.800000 1400 152 0
60 23.700000 1400 152 0
60 23.600000 1400 152 0
60 23.500000 1389 150 0
60 23.500000 1400 152 0
60 23.800000 1389 150 0
60 23.700000 1389 150 0
60 23.600000 1389 150 0
60 23.800000 1367 147 0
60 23.900000 1367 147 0
59 23.800000 1389 150 0
60 23.600000 1367 147 0
60 23.500000 1367 147 0
60 23.700000 1367 147 0
60 23.800000 1352 145 0
60 23.700000 1352 145 0
60 23.500000 1352 145 0
60 23.900000 1352 145 0
60 23.600000 1352 145 0
60 24.000000 1338 142 0
60 23.700000 1338 142 0
60 23.500000 1338 142 0
60 24.000000 1352 145 0
60 23.600000 1338 142 0
60 23.900000 1338 142 0
60 23.800000 1338 142 0
60 23.900000 1310 138 0
60 23.700000 1310 138 0
60 23.800000 1310 138 0
60 23.500000 1310 138 0
60 23.600000 1310 138 0
60 23.500000 1295 136 0
60 23.700000 1295 136 0
60 23.600000 1295 138 0
60 23.600000 1295 136 0
60 23.800000 1295 136 0
60 23.900000 1295 136 0
60 24.000000 1295 136 0
60 23.600000 1281 134 0
60 23.700000 1281 134 0
60 23.800000 1281 134 0
60 23.900000 1281 134 0
60 23.500000 1281 134 0
60 23.500000 1259 130 0
60 23.600000 1259 130 0
60 23.700000 1259 130 0
60 23.900000 1259 130 0
60 23.800000 1259 130 0
60 23.800000 1245 128 0
60 23.600000 1245 128 0
60 23.500000 1245 128 0
60 24.000000 1245 128 0
60 24.000000 1259 130 0
60 23.900000 1245 128 0
60 23.700000 1245 128 0
60 23.800000 1231 126 0
60 23.900000 1231 126 0
60 23.700000 1231 126 0
60 23.600000 1231 126 0
60 23.500000 1231 126 0
60 24.000000 1231 126 0
60 23.600000 1204 122 0
60 23.700000 1204 122 0
60 23.600000 1191 120 0
60 23.900000 1204 122 0
60 24.000000 1204 122 0
60 24.000000 1191 120 0
60 23.800000 1204 122 0
60 23.600000 1178 118 0
60 23.800000 1191 120 0
60 23.700000 1178 118 0
60 23.900000 1191 120 0
60 23.700000 1191 120 0
60 23.900000 1178 118 0
60 23.800000 1191 118 0
60 24.000000 1178 118 0
60 24.100000 1191 120 0
60 23.600000 1163 116 0
60 24.200000 1191 120 0
60 23.800000 1163 116 0
60 23.500000 1178 118 0
60 23.900000 1163 116 0
60 23.800000 1178 118 0
60 24.200000 1163 116 0
60 24.200000 1178 118 0
60 24.200000 1231 126 0
60 24.200000 1352 145 0
60 24.200000 1338 142 0
60 24.000000 1310 138 0
60 24.300000 1295 136 0
60 24.100000 1295 136 0
60 24.200000 1295 136 0
60 24.200000 1281 134 0
60 24.100000 1281 134 0
60 24.000000 1281 134 0
60 24.200000 1259 130 0
60 24.300000 1245 128 0
60 24.100000 1245 128 0
60 24.200000 1245 128 0
60 24.100000 1231 126 0
60 24.300000 1231 126 0
60 24.100000 1204 122 0
60 24.200000 1204 122 0
60 24.100000 1178 118 0
60 24.100000 1259 130 0
60 24.300000 1204 122 0
60 24.300000 1178 118 0
60 24.300000 1191 120 0
60 24.100000 1163 116 0
60 24.300000 1163 116 0
60 24.100000 1147 113 0
60 24.300000 1147 113 0
60 24.200000 1147 113 0
60 24.000000 1128 110 0
60 24.300000 1128 110 0
60 24.200000 1128 110 0
60 24.100000 1128 110 0
60 24.100000 1113 108 0
60 24.200000 1113 108 0
60 24.300000 1113 108 0
60 24.100000 1099 106 0
60 24.300000 1099 106 0
60 23.500000 1113 108 0
60 24.000000 1113 108 0
60 23.900000 1099 106 0
60 24.200000 1099 106 0
60 23.500000 1099 106 0
60 24.000000 1099 106 0
60 23.600000 1099 106 0
60 24.200000 1086 104 0
60 24.100000 1086 104 0
60 23.900000 1086 104 0
60 24.300000 1086 104 0
60 24.300000 1074 102 0
60 23.900000 1074 102 0
60 24.000000 1086 104 0
60 24.100000 1074 102 0
60 24.200000 1074 102 0
60 24.100000 1053 99 0
60 24.200000 1053 99 0
60 24.000000 1053 99 0
60 23.500000 1053 99 0
60 23.900000 1053 99 0
60 24.300000 1053 99 0
60 23.900000 1029 95 0
60 24.200000 1041 97 0
60 23.800000 1029 95 0
60 24.000000 1041 97 0
60 24.100000 1041 97 0
60 24.300000 1041 97 0
60 24.100000 1029 95 0
60 24.000000 1029 95 0
60 23.900000 1041 97 0
60 23.500000 1029 95 0
60 24.100000 1012 93 0
60 24.200000 1012 93 0
60 24.200000 1029 95 0
60 23.900000 1012 93 0
60 23.500000 1012 93 0
60 24.000000 1012 93 0
60 24.300000 1012 93 0
60 24.100000 997 90 0
60 24.300000 997 90 0
60 24.200000 997 90 0
60 23.900000 997 90 0
60 24.000000 997 90 0
60 24.100000 975 87 0
60 24.100000 987 89 0
60 23.900000 987 89 0
60 23.800000 997 90 0
60 23.800000 987 89 0
60 24.000000 987 89 0
60 24.200000 975 87 0
60 24.100000 961 85 0
60 24.300000 961 85 0
60 23.900000 951 83 0
60 24.200000 961 85 0
60 23.800000 975 87 0
60 23.800000 961 85 0
60 23.900000 961 85 0
60 24.200000 987 89 0
60 23.800000 951 83 0
60 24.200000 951 83 0
60 24.500000 961 85 0
60 23.900000 975 87 0
60 24.300000 951 83 0
70 24.500000 400 0 0
70 24.300000 400 0 0
71 24.900000 414 2 0
69 25.100000 400 0 0
69 24.700000 406 0 0
68 25.200000 400 0 0
67 24.700000 406 0 0
67 24.800000 405 0 0
67 24.400000 400 0 0
68 24.600000 405 0 0
67 25.800000 400 0 0
67 24.300000 400 0 0
68 24.600000 408 1 0
67 25.800000 408 1 0
68 24.500000 400 0 0
68 24.500000 406 0 0
70 26.100000 406 0 0
69 25.800000 400 0 0
69 25.300000 403 0 0
69 25.800000 413 1 0
69 25.200000 400 0 0
69 25.700000 405 0 0
70 25.600000 408 1 0
69 25.500000 405 0 0
69 25.700000 408 1 0
70 25.600000 407 1 0
72 26.000000 402 0 0
70 25.900000 407 1 0
70 25.900000 400 0 0
71 26.100000 400 0 0
71 25.700000 407 1 0
72 26.000000 411 1 0
71 25.900000 425 3 0
72 26.000000 420 3 0
71 25.800000 435 5 0
73 26.000000 414 2 0
76 26.100000 436 5 0
75 26.000000 432 4 0
77 26.000000 416 2 0
77 26.000000 409 1 0
75 26.100000 421 3 0
77 26.000000 436 5 0
77 26.100000 436 5 0
78 26.100000 416 2 0
78 26.200000 416 2 0
82 26.100000 416 2 0
82 26.200000 416 2 0
80 26.200000 421 3 0
79 26.200000 427 4 0
79 26.100000 436 5 0
80 26.100000 436 5 0
80 26.200000 414 2 0
81 26.100000 416 2 0
83 26.300000 416 2 0
83 26.100000 414 2 0
84 26.400000 414 2 0
84 26.200000 416 2 0
85 26.100000 414 2 0
85 26.300000 414 2 0
84 26.400000 416 2 0
83 26.200000 414 2 0
83 26.100000 409 1 0
83 26.200000 421 3 0
83 26.400000 421 3 0
83 26.400000 451 7 0
84 26.500000 409 1 0
80 26.300000 433 5 0
36 31.5 3014 2884 1
36 31.5 3718 4390 1
33 31.5 2888 2619 1
33 31.5 2927 2691 1
33 31.5 2461 1688 1
33 31.5 3782 4520 1
32 31.4 4019 5048 1
32 31.4 2996 2841 1
34 31.5 2715 2257 1
34 31.5 2363 1490 1
34 31.5 2150 1031 1
34 31.5 5412 8004 1
33 31.5 6996 11389 1
33 31.5 6626 10595 1
37 31.5 8988 15644 1
37 31.5 5351 7872 1
36 31.5 7090 11586 1
36 31.5 4379 5794 1
35 31.6 4196 5409 1
35 31.6 10481 18849 1
34 31.6 6902 11174 1
34 31.6 4337 5708 1
34 31.5 5995 9246 1
34 31.5 6384 10056 1
34 31.5 5081 7285 1
34 31.5 5591 8407 1
32 31.7 7983 13534 1
32 31.7 4895 6889 1
33 31.6 6143 9559 1
33 31.6 5240 7641 1
33 31.5 5854 8946 1
33 31.5 7624 12716 1
33 31.6 5721 8671 1
33 31.6 5412 8004 1
33 31.5 4986 7099 1
33 31.5 6384 10056 1
33 31.6 6453 10244 1
36 31.7 6626 10595 1
36 31.7 5081 7285 1
36 31.5 4132 5266 1
36 31.5 3497 3912 1
35 31.6 7090 11586 1
35 31.6 5290 7751 1
37 31.7 4301 5627 1
37 31.7 5781 8802 1
38 31.8 6453 10244 1
38 31.8 4132 5266 1
34 31.9 5412 8004 1
34 31.9 4839 6790 1
38 32.5 4895 6889 1
38 32.5 4455 5967 1
39 33.2 3693 4335 1
39 33.2 3640 4219 1
38 34.2 3561 4055 1
38 34.2 3376 3665 1
35 34.6 3332 3562 1
35 34.6 3401 3707 1
33 34.9 3105 3077 1
33 34.9 3357 3617 1
32 35.0 3207 3285 1
32 35.0 2823 2485 1
29 35.8 2745 2320 1
29 35.8 3031 2915 1
28 36.5 2927 2691 1
28 36.5 3147 3168 1
29 36.9 3312 3515 1
29 36.9 3693 4335 1
29 37.5 4050 5114 1
29 37.5 3833 4654 1
29 38.0 4713 6498 1
29 38.0 5290 7751 1
29 38.2 6453 10244 1
29 38.2 6626 10595 1
30 38.3 7501 12467 1
30 38.3 7283 12002 1
31 38.5 6535 10419 1
31 38.5 8105 13791 1
30 38.5 9877 17546 1
30 38.5 10281 18367 1
31 38.7 7735 13014 1
31 38.7 5524 8271 1
28 38.7 4839 6790 1
28 38.7 3990 4984 1
26 38.8 3590 4107 1
26 38.8 5781 8802 1
26 38.9 6143 9559 1
26 38.9 4619 6315 1
26 38.9 4750 6595 1
26 38.9 6295 9900 1
27 39.5 5650 8536 1
27 39.5 5524 8271 1
26 39.1 4938 6990 1
26 39.1 3750 4451 1
27 39.5 3497 3912 1
27 39.5 5591 8407 1
25 40.4 6063 9395 1
25 40.4 4895 6889 1
30 39.9 4301 5627 1
30 39.9 4379 5794 1
26 39.9 4986 7099 1
26 39.9 4839 6790 1
28 40.5 4938 6990 1
28 40.5 4494 6040 1
27 40.6 4337 5708 1
27 40.6 3893 4782 1
26 41.2 4379 5794 1
26 41.2 4619 6315 1
24 41.4 3693 4335 1
24 41.4 2982 2810 1
24 41.4 5351 7872 1
24 41.4 4228 5478 1
24 41.3 3192 3246 1
24 41.3 4713 6498 1
22 41.5 8676 14980 1
22 41.5 5464 8145 1
25 41.6 6453 10244 1
25 41.6 8105 13791 1
25 41.5 6535 10419 1
25 41.5 6063 9395 1
25 41.5 6807 10977 1
25 41.5 5412 8004 1
24 41.3 4938 6990 1
24 41.3 5591 8407 1
24 41.3 7852 13255 1
24 41.3 8538 14695 1
24 40.8 6211 9718 1
24 40.8 9877 17546 1